1 9
11 4
21 3
31 3
41 3
51 3
61 4
71 3
81 4
91 3
101 4
111 4
121 4
131 4
141 4
151 5
161 5
171 5
181 6
191 5
201 5
211 6
221 6
231 7
241 6
251 7
261 7
271 7
281 9
291 8
301 9
311 9
321 9
331 10
341 9
351 9
361 10
371 11
381 11
391 11
401 11
411 11
421 12
431 12
441 12
451 12
461 12
471 13
481 13
491 14
501 14
511 14
521 14
531 15
541 15
551 15
561 16
571 16
581 16
591 16
601 17
611 17
621 18
631 17
641 18
651 18
661 19
671 19
681 20
691 20
701 20
711 20
721 21
731 20
741 20
751 20
761 21
771 21
781 33
791 23
801 22
811 22
821 24
831 35
841 24
851 24
861 36
871 25
881 24
891 25
901 38
911 25
921 25
931 25
941 39
951 39
961 39
971 40
981 40
991 28
1001 39
1011 29
1021 29
1031 30
1041 30
1051 31
1061 31
1071 31
1081 30
1091 43
1101 43
1111 45
1121 44
1131 31
1141 44
1151 33
1161 45
1171 45
1181 34
1191 33
1201 34
1211 35
1221 47
1231 46
1241 48
1251 35
1261 48
1271 37
1281 38
1291 38
1301 37
1311 38
1321 39
1331 50
1341 51
1351 39
1361 49
1371 39
1381 39
1391 39
1401 51
1411 40
1421 40
1431 41
1441 41
1451 53
1461 54
1471 42
1481 54
1491 55
1501 57
1511 44
1521 44
1531 45
1541 45
1551 57
1561 48
1571 49
1581 46
1591 57
1601 45
1611 45
1621 45
1631 44
1641 46
1651 45
1661 46
1671 46
1681 46
1691 48
1701 47
1711 47
1721 50
1731 51
1741 50
1751 49
1761 50
1771 49
1781 49
1791 63
1801 50
1811 51
1821 52
1831 52
1841 51
1851 51
1861 51
1871 52
1881 53
1891 53
1901 52
1911 56
1921 56
1931 57
1941 55
1951 54
1961 55
1971 55
1981 57
1991 58
2001 56
2011 56
2021 56
2031 57
2041 57
2051 57
2061 58
2071 57
2081 61
2091 62
2101 62
2111 62
2121 60
2131 59
2141 60
2151 60
2161 61
2171 62
2181 61
2191 63
2201 62
2211 62
2221 61
2231 62
2241 64
2251 65
2261 67
2271 65
2281 63
2291 66
2301 65
2311 64
2321 66
2331 65
2341 67
2351 66
2361 68
2371 66
2381 67
2391 73
2401 71
2411 72
2421 69
2431 68
2441 69
2451 69
2461 71
2471 72
2481 69
2491 71
2501 71
2511 71
2521 71
2531 73
2541 75
2551 76
2561 74
2571 73
2581 74
2591 73
2601 75
2611 75
2621 76
2631 75
2641 75
2651 76
2661 76
2671 82
2681 81
2691 77
2701 79
2711 78
2721 77
2731 77
2741 80
2751 79
2761 79
2771 79
2781 79
2791 82
2801 84
2811 84
2821 81
2831 80
2841 81
2851 82
2861 85
2871 82
2881 83
2891 80
2901 82
2911 86
2921 86
2931 88
2941 82
2951 84
2961 83
2971 84
2981 90
2991 84
3001 85
3011 87
3021 87
3031 91
3041 92
3051 88
3061 88
3071 90
3081 87
3091 90
3101 91
3111 88
3121 89
3131 90
3141 94
3151 94
3161 92
3171 96
3181 104
3191 115
3201 124
3211 126
3221 130
3231 141
3241 144
3251 146
3261 145
3271 147
3281 146
3291 149
3301 156
3311 151
3321 149
3331 149
3341 156
3351 158
3361 157
3371 159
3381 158
3391 155
3401 152
3411 159
3421 156
3431 166
3441 161
3451 161
3461 156
3471 160
3481 155
3491 164
3501 167
3511 165
3521 162
3531 158
3541 159
3551 164
3561 164
3571 162
3581 161
3591 160
3601 166
3611 168
3621 172
3631 166
3641 163
3651 163
3661 165
3671 172
3681 167
3691 164
3701 163
3711 164
3721 170
3731 168
3741 168
3751 166
3761 168
3771 162
3781 172
3791 172
3801 174
3811 169
3821 163
3831 164
3841 173
3851 184
3861 174
3871 173
3881 172
3891 167
3901 172
3911 178
3921 176
3931 175
3941 176
3951 171
3961 177
3971 182
3981 177
3991 173
4001 172
4011 180
4021 179
4031 183
4041 189
4051 173
4061 174
4071 181
4081 188
4091 182
4101 176
4111 176
4121 177
4131 189
4141 189
4151 184
4161 178
4171 179
4181 180
4191 192
4201 190
4211 186
4221 182
4231 184
4241 196
4251 191
4261 185
4271 183
4281 185
4291 198
4301 195
4311 190
4321 185
4331 191
4341 198
4351 197
4361 191
4371 188
4381 188
4391 189
4401 204
4411 194
4421 190
4431 192
4441 191
4451 209
4461 197
4471 191
4481 192
4491 193
4501 201
4511 202
4521 199
4531 194
4541 196
4551 203
4561 203
4571 199
4581 196
4591 198
4601 209
4611 206
4621 198
4631 198
4641 202
4651 213
4661 210
4671 202
4681 201
4691 203
4701 215
4711 210
4721 204
4731 204
4741 205
4751 216
4761 211
4771 206
4781 208
4791 210
4801 221
4811 207
4821 208
4831 212
4841 224
4851 222
4861 218
4871 209
4881 210
4891 217
4901 220
4911 212
4921 212
4931 216
4941 212
4951 215
4961 214
4971 216
4981 226
4991 228
5001 216
5011 216
5021 220
5031 228
5041 225
5051 218
5061 219
5071 227
5081 223
5091 228
5101 219
5111 226
5121 222
5131 225
5141 224
5151 224
5161 232
5171 228
5181 223
5191 227
5201 231
5211 225
5221 229
5231 225
5241 228
5251 231
5261 228
5271 229
5281 230
5291 243
5301 239
5311 233
5321 232
5331 242
5341 234
5351 238
5361 230
5371 242
5381 239
5391 233
5401 234
5411 236
5421 247
5431 242
5441 237
5451 239
5461 246
5471 238
5481 245
5491 245
5501 253
5511 250
5521 246
5531 242
5541 245
5551 248
5561 248
5571 241
5581 249
5591 242
5601 252
5611 245
5621 253
5631 247
5641 249
5651 245
5661 261
5671 254
5681 252
5691 248
5701 258
5711 253
5721 248
5731 249
5741 261
5751 249
5761 252
5771 252
5781 263
5791 254
5801 251
5811 256
5821 261
5831 252
5841 256
5851 258
5861 258
5871 259
5881 262
5891 261
5901 265
5911 260
5921 264
5931 271
5941 266
5951 263
5961 264
5971 272
5981 265
5991 262
6001 269
6011 266
6021 263
6031 272
6041 269
6051 264
6061 263
6071 268
6081 279
6091 276
6101 265
6111 269
6121 274
6131 268
6141 269
6151 280
6161 275
6171 268
6181 270
6191 283
6201 278
6211 269
6221 275
6231 279
6241 272
6251 328
6261 293
6271 280
6281 279
6291 279
6301 292
6311 280
6321 274
6331 293
6341 282
6351 282
6361 279
6371 296
6381 281
6391 277
6401 295
6411 283
6421 284
6431 284
6441 297
6451 282
6461 283
6471 292
6481 290
6491 284
6501 283
6511 296
6521 285
6531 282
6541 294
6551 293
6561 285
6571 289
6581 312
6591 287
6601 292
6611 300
6621 289
6631 289
6641 291
6651 305
6661 291
6671 297
6681 305
6691 295
6701 293
6711 309
6721 298
6731 292
6741 298
6751 309
6761 291
6771 302
6781 308
6791 299
6801 296
6811 311
6821 309
6831 297
6841 306
6851 297
6861 299
6871 306
6881 310
6891 304
6901 302
6911 311
6921 314
6931 317
6941 310
6951 303
6961 304
6971 313
6981 315
6991 307
